* Source: SoundGuys lab data
* Source URL: https://www.soundguys.com/product/nothing-ear-3a/
* Measurement: Nothing Ear (3a), left/right average
* Fixture: Bruel & Kjaer 5128 head simulator
* Transform: Public normalized frequency-response points copied without smoothing or resampling
* Retrieved: 2026-09-29
*
* Freq(Hz) SPL(dB)
20	13.52
20.6	13.53
21.2	13.55
21.8	13.56
22.4	13.57
23	13.58
23.6	13.59
24.3	13.59
25	13.59
25.8	13.59
26.5	13.58
27.2	13.57
28	13.55
29	13.54
30	13.51
30.7	13.49
31.5	13.46
32.5	13.43
33.5	13.39
34.5	13.35
35.5	13.31
36.5	13.27
37.5	13.22
38.7	13.16
40	13.1
41.2	13.04
42.5	12.97
43.7	12.9
45	12.82
46.2	12.75
47.5	12.67
48.7	12.59
50	12.5
51.5	12.41
53	12.31
54.5	12.2
56	12.08
58	11.96
60	11.83
61.5	11.7
63	11.56
65	11.42
67	11.28
69	11.12
71	10.96
73	10.79
75	10.61
77.5	10.41
80	10.19
82.5	9.97
85	9.73
87.5	9.49
90	9.25
92.5	9
95	8.73
97.5	8.46
100	8.17
103	7.86
106	7.53
109	7.18
112	6.8
115	6.4
118	5.98
122	5.55
125	5.12
128	4.68
132	4.26
136	3.82
140	3.59
145	2.87
150	2.34
155	1.45
160	0.8
165	0.5
170	-0.19
175	-0.88
180	-1.58
185	-2.28
190	-2.97
195	-3.63
200	-4.25
206	-4.81
212	-5.3
218	-5.7
224	-5.99
230	-6.17
236	-6.23
243	-6.2
250	-6.09
258	-5.93
265	-5.73
272	-5.51
280	-5.29
290	-5.09
300	-4.91
307	-4.75
315	-4.62
325	-4.52
335	-4.43
345	-4.36
355	-4.3
365	-4.27
375	-4.26
387	-4.28
400	-4.31
412	-4.33
425	-4.34
437	-4.3
450	-4.22
462	-4.11
475	-3.97
487	-3.82
500	-3.67
515	-3.53
530	-3.38
545	-3.25
560	-3.12
580	-2.99
600	-2.86
615	-2.72
630	-2.56
650	-2.37
670	-2.16
690	-1.93
710	-1.7
730	-1.48
750	-1.28
775	-1.1
800	-0.93
825	-0.78
850	-0.65
875	-0.54
900	-0.43
925	-0.32
950	-0.21
975	-0.08
1000	0.06
1030	0.23
1060	0.42
1090	0.63
1120	0.86
1150	1.11
1180	1.37
1220	1.65
1250	1.94
1280	2.24
1320	2.56
1360	2.88
1400	3.04
1450	3.55
1500	3.87
1550	4.33
1600	4.61
1650	4.75
1700	5.02
1750	5.28
1800	5.54
1850	5.79
1900	6.04
1950	6.29
2000	6.55
2060	6.81
2120	7.07
2180	7.32
2240	7.57
2300	7.82
2360	8.05
2430	8.28
2500	8.5
2580	8.7
2650	8.87
2720	9
2800	9.09
2900	9.13
3000	9.12
3070	9.07
3150	8.96
3250	8.8
3350	8.61
3450	8.37
3550	8.1
3650	7.81
3750	7.48
3870	7.13
4000	6.76
4120	6.38
4250	6.01
4370	5.67
4500	5.38
4620	5.16
4750	5.02
4870	4.97
5000	4.99
5150	5.06
5300	5.12
5450	5.17
5600	5.17
5800	5.13
6000	5.07
6150	5.03
6300	5.03
6500	5.09
6700	5.21
6900	5.33
7100	5.4
7300	5.34
7500	5.08
7750	4.57
8000	3.82
8250	2.83
8500	1.67
8750	0.46
9000	-0.69
9250	-1.68
9500	-2.46
9750	-3.02
10000	-3.33
10300	-3.32
10600	-2.92
10900	-2.01
11200	-0.73
11500	0.5
11800	1.38
12200	1.76
12500	1.6
12800	0.86
13200	-0.5
13600	-2.48
14000	-4.13
14500	-6.86
15000	-7.64
15500	-7.07
16000	-6.31
16500	-6.28
17000	-6.32
17500	-6.9
18000	-8.12
18500	-10.83
19000	-15.09
19500	-19.85
20000	-26.77
