* Measurement data measured by REW V5.40 beta 103
* Source: Headset (USB-C to 3.5mm Headphone Jack Adapter), MICROPHONE (Master Volume), R, volume: 0.250
* Format: 256k Log Swept Sine, 1 sweep at -12.0 dBFS with no timing reference
* Dated: 11:31:16 26/05/2026
* REW Settings:
*  C-weighting compensation: Off
*  Target level: 75.0 dB
* Note: ;
* Measurement: SOUNDPEATS H3 L
* Smoothing: 1/12 octave
* Frequency Step: 96 ppo
* Start Frequency: 20.141602 Hz
*
* Freq(Hz) SPL(dB) Phase(degrees)
20.141602 88.761 -63.8848
20.287556 88.793 -64.1444
20.434568 88.840 -64.5269
20.582645 88.898 -64.9968
20.731796 88.963 -65.5240
20.882027 89.033 -66.0874
21.033346 89.106 -66.6736
21.185763 89.180 -67.2746
21.339284 89.255 -67.8858
21.493917 89.330 -68.5045
21.649671 89.404 -69.1289
21.806553 89.478 -69.7573
21.964572 89.550 -70.3880
22.123737 89.622 -71.0194
22.284054 89.693 -71.6500
22.445534 89.763 -72.2784
22.608183 89.832 -72.9037
22.772012 89.901 -73.5255
22.937027 89.969 -74.1440
23.103238 90.038 -74.7600
23.270654 90.106 -75.3748
23.439282 90.175 -75.9903
23.609133 90.244 -76.6081
23.780215 90.314 -77.2301
23.952536 90.383 -77.8574
24.126106 90.452 -78.4905
24.300934 90.520 -79.1292
24.477028 90.587 -79.7721
24.654399 90.653 -80.4171
24.833055 90.717 -81.0615
25.013005 90.780 -81.7022
25.194260 90.841 -82.3361
25.376828 90.901 -82.9609
25.560719 90.961 -83.5751
25.745942 91.021 -84.1786
25.932508 91.082 -84.7729
26.120426 91.144 -85.3610
26.309705 91.207 -85.9469
26.500356 91.272 -86.5354
26.692388 91.339 -87.1313
26.885812 91.407 -87.7389
27.080638 91.475 -88.3606
27.276876 91.542 -88.9973
27.474535 91.609 -89.6478
27.673627 91.673 -90.3088
27.874161 91.735 -90.9758
28.076149 91.794 -91.6434
28.279600 91.850 -92.3066
28.484526 91.905 -92.9614
28.690937 91.959 -93.6057
28.898843 92.011 -94.2396
29.108256 92.064 -94.8650
29.319186 92.118 -95.4855
29.531645 92.172 -96.1055
29.745644 92.227 -96.7289
29.961193 92.282 -97.3589
30.178304 92.337 -97.9966
30.396989 92.391 -98.6414
30.617258 92.444 -99.2912
30.839123 92.496 -99.9430
31.062596 92.547 -100.5937
31.287688 92.598 -101.2410
31.514412 92.648 -101.8836
31.742778 92.697 -102.5215
31.972800 92.747 -103.1560
32.204488 92.797 -103.7885
32.437855 92.847 -104.4207
32.672913 92.897 -105.0540
32.909674 92.947 -105.6891
33.148151 92.997 -106.3264
33.388356 93.047 -106.9662
33.630302 93.097 -107.6093
33.874001 93.147 -108.2563
34.119466 93.198 -108.9081
34.366710 93.248 -109.5644
34.615745 93.297 -110.2243
34.866585 93.345 -110.8848
35.119243 93.390 -111.5418
35.373731 93.433 -112.1909
35.630064 93.474 -112.8281
35.888254 93.513 -113.4520
36.148315 93.551 -114.0642
36.410261 93.589 -114.6695
36.674104 93.627 -115.2755
36.939860 93.665 -115.8899
37.207542 93.704 -116.5196
37.477163 93.742 -117.1681
37.748738 93.779 -117.8351
38.022281 93.815 -118.5171
38.297806 93.849 -119.2082
38.575327 93.883 -119.9027
38.854860 93.915 -120.5958
39.136419 93.948 -121.2849
39.420017 93.980 -121.9688
39.705671 94.012 -122.6470
39.993395 94.043 -123.3192
40.283203 94.075 -123.9844
40.575112 94.107 -124.6419
40.869136 94.139 -125.2916
41.165290 94.173 -125.9352
41.463591 94.209 -126.5752
41.764053 94.247 -127.2147
42.066693 94.285 -127.8549
42.371525 94.321 -128.4947
42.678567 94.356 -129.1308
42.987834 94.387 -129.7591
43.299341 94.414 -130.3776
43.613106 94.437 -130.9882
43.929145 94.457 -131.5965
44.247473 94.474 -132.2107
44.568109 94.488 -132.8374
44.891068 94.500 -133.4794
45.216367 94.509 -134.1336
45.544023 94.518 -134.7927
45.874054 94.528 -135.4479
46.206476 94.539 -136.0920
46.541307 94.553 -136.7216
46.878565 94.569 -137.3373
47.218266 94.587 -137.9425
47.560429 94.605 -138.5416
47.905072 94.623 -139.1398
48.252212 94.639 -139.7427
48.601867 94.655 -140.3565
48.954056 94.670 -140.9873
49.308798 94.685 -141.6387
49.666109 94.700 -142.3101
50.026010 94.713 -142.9958
50.388520 94.725 -143.6863
50.753656 94.736 -144.3711
51.121437 94.745 -145.0423
51.491884 94.753 -145.6965
51.865016 94.759 -146.3349
52.240851 94.765 -146.9617
52.619410 94.770 -147.5819
53.000712 94.775 -148.1994
53.384777 94.779 -148.8157
53.771625 94.782 -149.4299
54.161276 94.785 -150.0388
54.553751 94.787 -150.6391
54.949070 94.788 -151.2286
55.347254 94.790 -151.8086
55.748323 94.791 -152.3838
56.152298 94.792 -152.9619
56.559201 94.793 -153.5511
56.969052 94.794 -154.1576
57.381873 94.794 -154.7831
57.797686 94.791 -155.4242
58.216512 94.786 -156.0734
58.638373 94.778 -156.7206
59.063291 94.767 -157.3564
59.491288 94.755 -157.9751
59.922386 94.743 -158.5760
60.356608 94.732 -159.1639
60.793977 94.722 -159.7458
61.234515 94.713 -160.3288
61.678246 94.704 -160.9180
62.125192 94.696 -161.5155
62.575377 94.688 -162.1216
63.028824 94.679 -162.7351
63.485557 94.669 -163.3524
63.945599 94.658 -163.9677
64.408975 94.644 -164.5732
64.875709 94.628 -165.1608
65.345825 94.608 -165.7255
65.819348 94.586 -166.2679
66.296302 94.563 -166.7954
66.776713 94.541 -167.3207
67.260604 94.520 -167.8566
67.748002 94.500 -168.4112
68.238932 94.481 -168.9857
68.733420 94.462 -169.5752
69.231490 94.443 -170.1721
69.733170 94.424 -170.7693
70.238485 94.406 -171.3624
70.747463 94.388 -171.9497
71.260128 94.370 -172.5317
71.776508 94.352 -173.1092
72.296630 94.331 -173.6814
72.820521 94.306 -174.2454
73.348209 94.278 -174.7984
73.879720 94.246 -175.3398
74.415083 94.214 -175.8723
74.954326 94.182 -176.3990
75.497475 94.152 -176.9214
76.044561 94.123 -177.4388
76.595612 94.096 -177.9493
77.150655 94.070 -178.4504
77.709720 94.042 -178.9393
78.272837 94.013 -179.4146
78.840034 93.982 -179.8784
79.411342 93.950 179.6608
79.986789 93.917 179.1911
80.566406 93.882 178.7035
81.150224 93.845 178.1975
81.738272 93.806 177.6818
82.330581 93.766 177.1669
82.927182 93.724 176.6579
83.528107 93.682 176.1516
84.133386 93.639 175.6402
84.743051 93.595 175.1170
85.357134 93.550 174.5810
85.975667 93.505 174.0387
86.598682 93.459 173.5038
87.226212 93.411 172.9913
87.858289 93.361 172.5090
88.494946 93.309 172.0521
89.136217 93.255 171.6060
89.782135 93.199 171.1555
90.432733 93.143 170.6935
91.088046 93.089 170.2228
91.748108 93.038 169.7497
92.412952 92.990 169.2757
93.082615 92.944 168.7964
93.757130 92.897 168.3067
94.436533 92.848 167.8076
95.120859 92.795 167.3058
95.810144 92.739 166.8109
96.504423 92.682 166.3310
97.203734 92.624 165.8694
97.908112 92.567 165.4229
98.617595 92.509 164.9834
99.332219 92.449 164.5443
100.052021 92.385 164.1051
100.777039 92.317 163.6721
101.507311 92.246 163.2531
102.242875 92.173 162.8513
102.983769 92.099 162.4632
103.730032 92.027 162.0807
104.481702 91.953 161.6946
105.238820 91.879 161.2990
106.001424 91.803 160.8946
106.769554 91.723 160.4882
107.543250 91.640 160.0884
108.322553 91.554 159.7020
109.107503 91.469 159.3318
109.898141 91.384 158.9760
110.694508 91.301 158.6317
111.496646 91.217 158.3005
112.304596 91.131 157.9874
113.118402 91.040 157.6967
113.938104 90.947 157.4296
114.763747 90.851 157.1819
115.595372 90.756 156.9444
116.433024 90.660 156.7086
117.276746 90.564 156.4722
118.126581 90.466 156.2391
118.982575 90.364 156.0150
119.844772 90.259 155.8044
120.713217 90.151 155.6097
121.587954 90.042 155.4301
122.469031 89.934 155.2604
123.356492 89.826 155.0967
124.250384 89.719 154.9419
125.150753 89.612 154.8037
126.057647 89.506 154.6854
126.971113 89.398 154.5831
127.891198 89.289 154.4927
128.817950 89.177 154.4181
129.751418 89.062 154.3716
130.691651 88.944 154.3655
131.638696 88.826 154.4040
132.592604 88.706 154.4796
133.553425 88.586 154.5775
134.521208 88.466 154.6860
135.496004 88.347 154.8093
136.477864 88.227 154.9644
137.466839 88.108 155.1621
138.462981 87.989 155.3983
139.466340 87.872 155.6696
140.476971 87.758 155.9899
141.494925 87.647 156.3776
142.520256 87.538 156.8291
143.553016 87.430 157.3168
144.593260 87.324 157.8122
145.641043 87.217 158.3052
146.696418 87.110 158.8029
147.759441 87.004 159.3176
148.830166 86.899 159.8607
149.908651 86.796 160.4398
150.994951 86.698 161.0580
152.089123 86.607 161.7137
153.191223 86.524 162.4044
154.301310 86.450 163.1257
155.419441 86.385 163.8709
156.545674 86.329 164.6321
157.680069 86.281 165.4066
158.822683 86.241 166.1950
159.973578 86.208 166.9945
161.132813 86.181 167.7969
162.300447 86.159 168.5908
163.476543 86.143 169.3639
164.661162 86.132 170.1063
165.854364 86.127 170.8162
167.056213 86.129 171.5006
168.266772 86.139 172.1700
169.486102 86.158 172.8278
170.714268 86.184 173.4685
171.951334 86.217 174.0884
173.197364 86.256 174.6927
174.452424 86.298 175.2884
175.716578 86.343 175.8770
176.989893 86.390 176.4549
178.272434 86.435 177.0145
179.564270 86.475 177.5477
180.865467 86.511 178.0513
182.176092 86.543 178.5289
183.496216 86.577 178.9898
184.825905 86.616 179.4401
186.165229 86.660 179.8737
187.514259 86.710 -179.7267
188.873065 86.761 -179.3750
190.241717 86.811 -179.0709
191.620287 86.856 -178.8006
193.008847 86.897 -178.5462
194.407468 86.933 -178.3041
195.816225 86.969 -178.0942
197.235190 87.005 -177.9401
198.664438 87.043 -177.8456
200.104042 87.083 -177.7936
201.554078 87.123 -177.7613
203.014622 87.165 -177.7297
204.485750 87.206 -177.6871
205.967538 87.247 -177.6292
207.460064 87.287 -177.5589
208.963405 87.325 -177.4855
210.477640 87.360 -177.4194
212.002848 87.392 -177.3673
213.539108 87.419 -177.3331
215.086500 87.443 -177.3187
216.645105 87.465 -177.3166
218.215005 87.484 -177.3113
219.796281 87.502 -177.2924
221.389015 87.517 -177.2632
222.993292 87.532 -177.2294
224.609193 87.546 -177.1844
226.236804 87.561 -177.1173
227.876209 87.579 -177.0267
229.527494 87.599 -176.9222
231.190745 87.621 -176.8208
232.866048 87.646 -176.7428
234.553491 87.673 -176.7048
236.253163 87.700 -176.7144
237.965150 87.727 -176.7720
239.689544 87.753 -176.8741
241.426433 87.778 -177.0129
243.175909 87.804 -177.1734
244.938062 87.827 -177.3339
246.712984 87.849 -177.4752
248.500768 87.868 -177.5915
250.301507 87.884 -177.6898
252.115295 87.898 -177.7793
253.942226 87.908 -177.8656
255.782396 87.916 -177.9490
257.635901 87.917 -178.0250
259.502837 87.913 -178.0845
261.383301 87.905 -178.1188
263.277392 87.898 -178.1270
265.185209 87.892 -178.1174
267.106850 87.888 -178.1023
269.042417 87.883 -178.0945
270.992009 87.877 -178.0994
272.955729 87.871 -178.1113
274.933678 87.867 -178.1197
276.925961 87.863 -178.1209
278.932681 87.859 -178.1173
280.953942 87.851 -178.1120
282.989850 87.840 -178.1053
285.040511 87.826 -178.0957
287.106032 87.811 -178.0837
289.186521 87.797 -178.0736
291.282086 87.785 -178.0699
293.392836 87.777 -178.0702
295.518881 87.772 -178.0674
297.660333 87.768 -178.0546
299.817302 87.763 -178.0239
301.989902 87.756 -177.9687
304.178245 87.747 -177.8903
306.382446 87.735 -177.7953
308.602620 87.721 -177.6901
310.838882 87.707 -177.5760
313.091348 87.694 -177.4541
315.360137 87.683 -177.3303
317.645367 87.673 -177.2146
319.947156 87.665 -177.1179
322.265625 87.658 -177.0455
324.600895 87.653 -176.9923
326.953086 87.651 -176.9440
329.322323 87.649 -176.8855
331.708729 87.648 -176.8086
334.112427 87.646 -176.7126
336.533543 87.643 -176.6016
338.972204 87.639 -176.4829
341.428536 87.635 -176.3636
343.902668 87.631 -176.2456
346.394729 87.627 -176.1236
348.904848 87.623 -175.9906
351.433156 87.620 -175.8435
353.979786 87.616 -175.6829
356.544869 87.612 -175.5118
359.128540 87.608 -175.3356
361.730934 87.603 -175.1573
364.352185 87.597 -174.9744
366.992431 87.589 -174.7834
369.651810 87.582 -174.5849
372.330459 87.574 -174.3847
375.028519 87.568 -174.1916
377.746130 87.565 -174.0136
380.483434 87.566 -173.8539
383.240574 87.569 -173.7080
386.017693 87.574 -173.5671
388.814937 87.581 -173.4241
391.632450 87.587 -173.2767
394.470380 87.592 -173.1235
397.328875 87.595 -172.9605
400.208084 87.597 -172.7804
403.108157 87.599 -172.5782
406.029245 87.603 -172.3572
408.971500 87.609 -172.1277
411.935076 87.618 -171.9014
414.920127 87.627 -171.6878
417.926810 87.636 -171.4900
420.955280 87.644 -171.3029
424.005695 87.651 -171.1170
427.078215 87.656 -170.9251
430.173000 87.661 -170.7273
433.290211 87.666 -170.5291
436.430010 87.675 -170.3365
439.592562 87.687 -170.1503
442.778031 87.701 -169.9658
445.986583 87.718 -169.7764
449.218386 87.735 -169.5775
452.473607 87.751 -169.3691
455.752418 87.765 -169.1559
459.054987 87.779 -168.9448
462.381489 87.792 -168.7398
465.732096 87.806 -168.5391
469.106983 87.821 -168.3363
472.506325 87.836 -168.1247
475.930301 87.852 -167.9000
479.379088 87.867 -167.6584
482.852867 87.884 -167.3951
486.351817 87.903 -167.1059
489.876123 87.925 -166.7915
493.425968 87.953 -166.4591
497.001536 87.987 -166.1216
500.603014 88.027 -165.7976
504.230589 88.072 -165.5074
507.884452 88.121 -165.2670
511.564792 88.171 -165.0822
515.271802 88.221 -164.9484
519.005673 88.271 -164.8541
522.766602 88.319 -164.7852
526.554785 88.365 -164.7285
530.370418 88.408 -164.6739
534.213700 88.447 -164.6154
538.084833 88.481 -164.5488
541.984018 88.513 -164.4698
545.911457 88.542 -164.3730
549.867357 88.568 -164.2547
553.851922 88.592 -164.1149
557.865362 88.613 -163.9574
561.907884 88.631 -163.7873
565.979700 88.650 -163.6106
570.081022 88.671 -163.4361
574.212064 88.695 -163.2765
578.373042 88.723 -163.1439
582.564171 88.756 -163.0443
586.785671 88.792 -162.9734
591.037762 88.833 -162.9202
595.320665 88.876 -162.8745
599.634604 88.921 -162.8311
603.979804 88.967 -162.7878
608.356491 89.012 -162.7422
612.764893 89.057 -162.6906
617.205240 89.102 -162.6289
621.677763 89.145 -162.5544
626.182696 89.187 -162.4690
630.720274 89.227 -162.3791
635.290733 89.264 -162.2919
639.894312 89.300 -162.2116
644.531250 89.335 -162.1399
649.201789 89.368 -162.0783
653.906173 89.401 -162.0282
658.644647 89.433 -161.9888
663.417457 89.467 -161.9583
668.224854 89.503 -161.9352
673.067086 89.542 -161.9173
677.944408 89.583 -161.9011
682.857073 89.625 -161.8828
687.805336 89.665 -161.8590
692.789457 89.702 -161.8258
697.809695 89.733 -161.7801
702.866312 89.760 -161.7226
707.959571 89.784 -161.6581
713.089738 89.808 -161.5921
718.257080 89.835 -161.5302
723.461867 89.863 -161.4770
728.704370 89.894 -161.4340
733.984862 89.927 -161.3976
739.303619 89.960 -161.3609
744.660918 89.994 -161.3175
750.057038 90.028 -161.2656
755.492260 90.062 -161.2116
760.966869 90.098 -161.1688
766.481148 90.136 -161.1499
772.035387 90.176 -161.1593
777.629873 90.217 -161.1915
783.264900 90.258 -161.2356
788.940760 90.296 -161.2796
794.657750 90.329 -161.3121
800.416168 90.355 -161.3253
806.216313 90.375 -161.3156
812.058489 90.389 -161.2834
817.943000 90.401 -161.2310
823.870152 90.415 -161.1604
829.840255 90.431 -161.0761
835.853619 90.452 -160.9856
841.910559 90.477 -160.8969
848.011390 90.503 -160.8164
854.156430 90.531 -160.7478
860.346000 90.559 -160.6907
866.580422 90.589 -160.6405
872.860020 90.619 -160.5885
879.185124 90.652 -160.5246
885.556062 90.685 -160.4391
891.973166 90.719 -160.3230
898.436771 90.755 -160.1707
904.947215 90.793 -159.9858
911.504835 90.833 -159.7818
918.109975 90.875 -159.5745
924.762978 90.917 -159.3768
931.464192 90.956 -159.1964
938.213966 90.992 -159.0340
945.012651 91.026 -158.8827
951.860602 91.056 -158.7333
958.758176 91.084 -158.5780
965.705733 91.111 -158.4118
972.703635 91.139 -158.2336
979.752246 91.172 -158.0458
986.851935 91.210 -157.8539
994.003071 91.253 -157.6650
1001.206027 91.299 -157.4864
1008.461179 91.347 -157.3229
1015.768904 91.397 -157.1762
1023.129584 91.449 -157.0455
1030.543603 91.504 -156.9295
1038.011347 91.561 -156.8280
1045.533205 91.618 -156.7367
1053.109569 91.675 -156.6423
1060.740836 91.732 -156.5296
1068.427401 91.788 -156.3936
1076.169666 91.845 -156.2412
1083.968035 91.902 -156.0826
1091.822915 91.959 -155.9264
1099.734713 92.013 -155.7797
1107.703844 92.066 -155.6459
1115.730723 92.118 -155.5222
1123.815768 92.170 -155.4025
1131.959400 92.225 -155.2827
1140.162045 92.284 -155.1627
1148.424129 92.348 -155.0446
1156.746083 92.417 -154.9312
1165.128342 92.492 -154.8287
1173.571343 92.572 -154.7481
1182.075524 92.655 -154.7015
1190.641331 92.741 -154.6941
1199.269209 92.829 -154.7210
1207.959608 92.919 -154.7695
1216.712981 93.009 -154.8273
1225.529785 93.100 -154.8897
1234.410479 93.192 -154.9587
1243.355526 93.283 -155.0352
1252.365393 93.374 -155.1155
1261.440549 93.464 -155.1936
1270.581467 93.553 -155.2666
1279.788624 93.640 -155.3389
1289.062500 93.725 -155.4210
1298.403578 93.810 -155.5210
1307.812346 93.895 -155.6405
1317.289293 93.984 -155.7774
1326.834914 94.076 -155.9299
1336.449707 94.174 -156.0978
1346.134173 94.276 -156.2808
1355.888816 94.380 -156.4780
1365.714145 94.485 -156.6903
1375.610673 94.590 -156.9202
1385.578915 94.692 -157.1700
1395.619391 94.792 -157.4415
1405.732624 94.888 -157.7359
1415.919142 94.982 -158.0511
1426.179476 95.073 -158.3796
1436.514160 95.162 -158.7074
1446.923734 95.250 -159.0219
1457.408740 95.335 -159.3227
1467.969724 95.419 -159.6226
1478.607238 95.502 -159.9367
1489.321836 95.585 -160.2762
1500.114076 95.669 -160.6477
1510.984521 95.754 -161.0509
1521.933737 95.840 -161.4762
1532.962297 95.926 -161.9110
1544.070773 96.012 -162.3462
1555.259747 96.096 -162.7797
1566.529800 96.179 -163.2143
1577.881521 96.260 -163.6504
1589.315501 96.338 -164.0829
1600.832336 96.414 -164.5070
1612.432627 96.490 -164.9243
1624.116978 96.564 -165.3445
1635.886000 96.637 -165.7805
1647.740304 96.709 -166.2390
1659.680509 96.779 -166.7149
1671.707238 96.847 -167.1958
1683.821118 96.913 -167.6696
1696.022780 96.976 -168.1309
1708.312860 97.035 -168.5850
1720.692000 97.091 -169.0434
1733.160843 97.146 -169.5151
1745.720041 97.200 -170.0005
1758.370248 97.255 -170.4929
1771.112124 97.311 -170.9883
1783.946332 97.368 -171.4880
1796.873543 97.425 -171.9933
1809.894429 97.483 -172.5040
1823.009670 97.540 -173.0197
1836.219950 97.595 -173.5387
1849.525956 97.649 -174.0596
1862.928384 97.699 -174.5816
1876.427931 97.746 -175.1035
1890.025301 97.790 -175.6239
1903.721204 97.832 -176.1446
1917.516352 97.871 -176.6720
1931.411466 97.909 -177.2105
1945.407270 97.947 -177.7572
1959.504493 97.986 -178.3037
1973.703870 98.027 -178.8440
1988.006142 98.070 -179.3797
2002.412054 98.116 -179.9211
2016.922357 98.164 179.5173
2031.537808 98.215 178.9266
2046.259169 98.269 178.3129
2061.087206 98.325 177.6929
2076.022694 98.380 177.0823
2091.066410 98.432 176.4869
2106.219139 98.483 175.9013
2121.481671 98.532 175.3139
2136.854802 98.581 174.7147
2152.339333 98.630 174.0974
2167.936071 98.682 173.4597
2183.645829 98.734 172.8047
2199.469427 98.786 172.1392
2215.407689 98.836 171.4710
2231.461446 98.884 170.8040
2247.631536 98.929 170.1334
2263.918800 98.971 169.4464
2280.324089 99.010 168.7314
2296.848258 99.047 167.9865
2313.492167 99.082 167.2168
2330.256685 99.112 166.4300
2347.142685 99.139 165.6311
2364.151049 99.161 164.8221
2381.282662 99.179 164.0059
2398.538418 99.194 163.1852
2415.919216 99.209 162.3605
2433.425962 99.223 161.5283
2451.059570 99.239 160.6807
2468.820958 99.257 159.8094
2486.711052 99.274 158.9126
2504.730786 99.291 157.9978
2522.881098 99.305 157.0777
2541.162934 99.314 156.1624
2559.577248 99.315 155.2510
2578.125000 99.309 154.3327
2596.807157 99.295 153.3957
2615.624692 99.274 152.4360
2634.578586 99.247 151.4595
2653.669829 99.217 150.4766
2672.899414 99.182 149.4969
2692.268345 99.144 148.5248
2711.777632 99.101 147.5605
2731.428290 99.055 146.6036
2751.221345 99.004 145.6553
2771.157829 98.949 144.7181
2791.238781 98.889 143.7944
2811.465248 98.824 142.8851
2831.838284 98.752 141.9847
2852.358952 98.672 141.0850
2873.028321 98.582 140.1871
2893.847468 98.481 139.3089
2914.817480 98.370 138.4793
2935.939449 98.252 137.7265
2957.214476 98.131 137.0616
2978.643672 98.011 136.4713
3000.228152 97.896 135.9254
3021.969041 97.787 135.3937
3043.867475 97.681 134.8613
3065.924593 97.577 134.3344
3088.141547 97.471 133.8317
3110.519493 97.361 133.3674
3133.059600 97.245 132.9462
3155.763041 97.124 132.5694
3178.631001 96.999 132.2378
3201.664672 96.870 131.9495
3224.865254 96.740 131.6998
3248.233957 96.609 131.4844
3271.771999 96.479 131.3014
3295.480608 96.351 131.1514
3319.361019 96.227 131.0374
3343.414477 96.105 130.9630
3367.642236 95.986 130.9318
3392.045560 95.865 130.9470
3416.625721 95.742 131.0101
3441.383999 95.614 131.1196
3466.321686 95.485 131.2682
3491.440082 95.357 131.4404
3516.740496 95.234 131.6168
3542.224247 95.120 131.7849
3567.892664 95.015 131.9440
3593.747085 94.919 132.0989
3619.788858 94.830 132.2542
3646.019340 94.746 132.4105
3672.439900 94.666 132.5626
3699.051913 94.589 132.7030
3725.856768 94.515 132.8302
3752.855862 94.445 132.9495
3780.050603 94.378 133.0668
3807.442408 94.313 133.1832
3835.032705 94.248 133.2964
3862.822933 94.182 133.4056
3890.814540 94.113 133.5114
3919.008986 94.041 133.6119
3947.407741 93.964 133.7060
3976.012284 93.883 133.7970
4004.824108 93.796 133.8907
4033.844715 93.703 133.9919
4063.075616 93.603 134.1030
4092.518337 93.494 134.2250
4122.174412 93.379 134.3594
4152.045387 93.257 134.5114
4182.132820 93.129 134.6884
4212.438278 92.992 134.8964
4242.963342 92.848 135.1417
4273.709604 92.694 135.4319
4304.678665 92.529 135.7736
4335.872141 92.354 136.1723
4367.291658 92.169 136.6325
4398.938854 91.978 137.1525
4430.815378 91.788 137.7258
4462.922893 91.603 138.3471
4495.263072 91.430 139.0142
4527.837601 91.267 139.7271
4560.648179 91.113 140.4888
4593.696515 90.964 141.3064
4626.984334 90.816 142.1879
4660.513370 90.666 143.1432
4694.285371 90.517 144.1836
4728.302098 90.370 145.3190
4762.565324 90.232 146.5536
4797.076835 90.105 147.8787
4831.838432 89.991 149.2679
4866.851925 89.888 150.6832
4902.119140 89.792 152.0918
4937.641916 89.700 153.4877
4973.422105 89.607 154.8970
5009.461572 89.517 156.3547
5045.762195 89.436 157.8786
5082.325868 89.370 159.4689
5119.154496 89.329 161.1197
5156.250000 89.316 162.8201
5193.614313 89.329 164.5538
5231.249383 89.363 166.3030
5269.157173 89.413 168.0490
5307.339658 89.476 169.7676
5345.798829 89.552 171.4303
5384.536691 89.642 173.0058
5423.555263 89.748 174.4637
5462.856580 89.867 175.7821
5502.442691 89.999 176.9510
5542.315659 90.138 177.9690
5582.477563 90.281 178.8402
5622.930497 90.420 179.5719
5663.676569 90.548 -179.8250
5704.717904 90.658 -179.3324
5746.056642 90.749 -178.9237
5787.694937 90.819 -178.5710
5829.634960 90.869 -178.2505
5871.878898 90.899 -177.9391
5914.428953 90.910 -177.6146
5957.287343 90.904 -177.2593
6000.456303 90.884 -176.8589
6043.938083 90.851 -176.3992
6087.734950 90.807 -175.8677
6131.849187 90.752 -175.2546
6176.283094 90.690 -174.5519
6221.038987 90.621 -173.7529
6266.119200 90.550 -172.8535
6311.526083 90.479 -171.8570
6357.262002 90.412 -170.7743
6403.329344 90.351 -169.6155
6449.730508 90.297 -168.3824
6496.467914 90.253 -167.0683
6543.543998 90.222 -165.6676
6590.961215 90.208 -164.1878
6638.722037 90.215 -162.6501
6686.828954 90.246 -161.0770
6735.284473 90.302 -159.4870
6784.091120 90.380 -157.8896
6833.251441 90.478 -156.2882
6882.767998 90.589 -154.6898
6932.643372 90.713 -153.1074
6982.880164 90.848 -151.5540
7033.480992 90.995 -150.0405
7084.448495 91.156 -148.5771
7135.785329 91.332 -147.1760
7187.494171 91.526 -145.8518
7239.577717 91.741 -144.6263
7292.038681 91.983 -143.5302
7344.879799 92.253 -142.6005
7398.103826 92.552 -141.8731
7451.713536 92.879 -141.3813
7505.711724 93.229 -141.1587
7560.101205 93.596 -141.2455
7614.884815 93.971 -141.6924
7670.065409 94.342 -142.5503
7725.645865 94.695 -143.8513
7781.629080 95.014 -145.5958
7838.017972 95.283 -147.7542
7894.815481 95.486 -150.2710
7952.024569 95.612 -153.0673
8009.648217 95.652 -156.0432
8067.689429 95.604 -159.0853
8126.151233 95.469 -162.0775
8185.036674 95.251 -164.9137
8244.348824 94.956 -167.5110
8304.090774 94.590 -169.8088
8364.265639 94.159 -171.7409
8424.876556 93.671 -173.1647
8485.926684 93.143 -173.7135
8547.419207 92.610 -172.5978
8609.357330 92.102 -168.7252
8671.744282 91.627 -162.3441
8734.583316 91.169 -156.7340
8797.877707 90.720 -153.2197
8861.630756 90.279 -146.5825
8925.845785 89.848 -137.6160
8990.526143 89.429 -140.6867
9055.675202 89.022 -152.5689
9121.296357 88.629 -136.8892
9187.393031 88.254 -100.5763
9253.968668 87.902 -136.9099
9321.026740 87.579 78.2840
9388.570742 87.286 15.4169
9456.604196 87.025 -21.7717
9525.130648 86.794 67.9091
9594.153671 86.592 54.8556
9663.676863 86.414 16.3826
9733.703850 86.259 -10.0281
9804.238280 86.122 93.0688
9875.283832 86.002 54.6356
9946.844210 85.901 26.1539
10018.923143 85.820 70.6521
10091.524390 85.761 72.4714
10164.651736 85.726 46.2630
10238.308993 85.718 54.7965
10312.500000 85.736 110.9498
10387.228626 85.781 95.1494
10462.498767 85.851 -177.0112
10538.314345 85.946 -171.9163
10614.679315 86.070 -177.9334
10691.597657 86.223 -150.7154
10769.073381 86.405 -150.1604
10847.110526 86.616 -170.2327
10925.713161 86.858 -164.3546
11004.885382 87.133 -144.6508
11084.631318 87.447 165.4799
11164.955126 87.805 26.4001
11245.860993 88.212 -72.4650
11327.353138 88.675 -102.5848
11409.435808 89.198 -73.9861
11492.113283 89.779 -85.0271
11575.389873 90.415 -103.3347
11659.269920 91.099 -103.5110
11743.757796 91.821 -114.4117
11828.857906 92.569 -133.2706
11914.574686 93.323 -141.2703
12000.912606 94.055 -145.1143
12087.876166 94.730 -151.3718
12175.469900 95.314 -151.4852
12263.698373 95.777 -149.8387
12352.566187 96.092 -152.1062
12442.077974 96.243 -152.3715
12532.238400 96.225 -156.3855
12623.052165 96.048 -161.7214
12714.524005 95.739 -162.7566
12806.658687 95.343 -164.3691
12899.461015 94.916 -163.5013
12992.935827 94.514 -159.6581
13087.087996 94.167 -157.9411
13181.922430 93.862 -155.5276
13277.444074 93.561 -156.5042
13373.657907 93.230 -161.9644
13470.568945 92.857 -171.5052
13568.182241 92.453 169.8540
13666.502883 92.038 152.7458
13765.535996 91.632 145.5846
13865.286744 91.255 142.6645
13965.760328 90.922 144.5425
14066.961984 90.647 146.2760
14168.896989 90.442 148.1913
14271.570658 90.317 157.7839
14374.988342 90.276 171.1505
14479.155433 90.312 -174.0852
14584.077362 90.409 -168.8132
14689.759598 90.545 -163.7601
14796.207652 90.699 -158.7910
14903.427072 90.853 -150.6760
15011.423448 90.993 -134.3373
15120.202410 91.100 -94.9653
15229.769630 91.152 -42.7996
15340.130819 91.130 -20.8703
15451.291730 91.018 -15.4888
15563.258160 90.816 -14.2904
15676.035944 90.531 -14.9483
15789.630962 90.178 -18.5742
15904.049137 89.774 -44.8593
16019.296433 89.340 -120.3627
16135.378859 88.898 -126.7091
16252.302465 88.475 -121.6405
16370.073348 88.091 -116.3762
16488.697648 87.757 -114.7036
16608.181548 87.478 -117.0734
16728.531278 87.251 -122.2440
16849.753112 87.069 -127.4513
16971.853368 86.924 -129.6749
17094.838414 86.810 -127.9858
17218.714660 86.718 -122.9258
17343.488565 86.640 -116.6918
17469.166632 86.573 -109.3484
17595.755415 86.506 -100.4605
17723.261512 86.422 -92.6536
17851.691571 86.290 -91.0992
17981.052287 86.069 -130.0701
18111.350404 85.717 135.2270
18242.592715 85.202 117.3599
18374.786062 84.508 106.6750
18507.937336 83.634 96.0159
18642.053479 82.593 81.7952
18777.141484 81.412 67.1304
18913.208391 80.130 65.3495
19050.261296 78.794 81.5973
19188.307342 77.451 100.9984
19327.353727 76.140 115.1289
19467.407699 74.892 127.6827
19608.476560 73.737 138.7917
19750.567664 72.730 146.0722
19893.688419 71.957 148.9866
20037.846286 71.528 149.2644
