* Measurement data measured by REW V5.40 beta 103
* Source: Headset (USB-C to 3.5mm Headphone Jack Adapter), MICROPHONE (Master Volume), R, volume: 0.250
* Format: 256k Log Swept Sine, 1 sweep at -12.0 dBFS with no timing reference
* Dated: 11:29:14 26/05/2026
* REW Settings:
*  C-weighting compensation: Off
*  Target level: 75.0 dB
* Note: ;
* Measurement: SOUNDPEATS H3 R
* Smoothing: 1/12 octave
* Frequency Step: 96 ppo
* Start Frequency: 20.141602 Hz
*
* Freq(Hz) SPL(dB) Phase(degrees)
20.141602 89.808 -71.2036
20.287556 89.837 -71.4633
20.434568 89.880 -71.8458
20.582645 89.933 -72.3148
20.731796 89.992 -72.8398
20.882027 90.056 -73.3987
21.033346 90.123 -73.9774
21.185763 90.191 -74.5670
21.339284 90.259 -75.1625
21.493917 90.328 -75.7605
21.649671 90.396 -76.3592
21.806553 90.465 -76.9569
21.964572 90.533 -77.5527
22.123737 90.601 -78.1458
22.284054 90.669 -78.7356
22.445534 90.736 -79.3222
22.608183 90.803 -79.9056
22.772012 90.870 -80.4866
22.937027 90.936 -81.0659
23.103238 91.001 -81.6444
23.270654 91.066 -82.2230
23.439282 91.130 -82.8027
23.609133 91.192 -83.3841
23.780215 91.254 -83.9676
23.952536 91.314 -84.5535
24.126106 91.373 -85.1417
24.300934 91.431 -85.7323
24.477028 91.488 -86.3252
24.654399 91.545 -86.9203
24.833055 91.600 -87.5177
25.013005 91.656 -88.1178
25.194260 91.711 -88.7208
25.376828 91.767 -89.3271
25.560719 91.822 -89.9369
25.745942 91.878 -90.5502
25.932508 91.934 -91.1670
26.120426 91.990 -91.7866
26.309705 92.046 -92.4083
26.500356 92.102 -93.0311
26.692388 92.158 -93.6539
26.885812 92.214 -94.2755
27.080638 92.269 -94.8951
27.276876 92.324 -95.5119
27.474535 92.378 -96.1255
27.673627 92.432 -96.7360
27.874161 92.486 -97.3439
28.076149 92.539 -97.9501
28.279600 92.592 -98.5560
28.484526 92.644 -99.1633
28.690937 92.697 -99.7737
28.898843 92.749 -100.3889
29.108256 92.801 -101.0103
29.319186 92.854 -101.6385
29.531645 92.906 -102.2734
29.745644 92.957 -102.9137
29.961193 93.008 -103.5571
30.178304 93.059 -104.2006
30.396989 93.108 -104.8404
30.617258 93.157 -105.4729
30.839123 93.206 -106.0951
31.062596 93.254 -106.7052
31.287688 93.301 -107.3029
31.514412 93.348 -107.8897
31.742778 93.396 -108.4689
31.972800 93.443 -109.0451
32.204488 93.490 -109.6235
32.437855 93.537 -110.2095
32.672913 93.583 -110.8073
32.909674 93.628 -111.4200
33.148151 93.673 -112.0484
33.388356 93.716 -112.6911
33.630302 93.759 -113.3444
33.874001 93.801 -114.0027
34.119466 93.843 -114.6591
34.366710 93.884 -115.3064
34.615745 93.925 -115.9380
34.866585 93.966 -116.5492
35.119243 94.007 -117.1377
35.373731 94.049 -117.7048
35.630064 94.090 -118.2546
35.888254 94.131 -118.7941
36.148315 94.170 -119.3316
36.410261 94.207 -119.8758
36.674104 94.242 -120.4340
36.939860 94.274 -121.0113
37.207542 94.302 -121.6098
37.477163 94.328 -122.2291
37.748738 94.353 -122.8662
38.022281 94.377 -123.5167
38.297806 94.401 -124.1755
38.575327 94.427 -124.8373
38.854860 94.454 -125.4974
39.136419 94.483 -126.1520
39.420017 94.513 -126.7980
39.705671 94.543 -127.4339
39.993395 94.573 -128.0592
40.283203 94.602 -128.6754
40.575112 94.630 -129.2850
40.869136 94.657 -129.8918
41.165290 94.682 -130.5002
41.463591 94.707 -131.1143
41.764053 94.733 -131.7374
42.066693 94.758 -132.3713
42.371525 94.784 -133.0158
42.678567 94.811 -133.6686
42.987834 94.838 -134.3250
43.299341 94.864 -134.9789
43.613106 94.889 -135.6235
43.929145 94.912 -136.2531
44.247473 94.934 -136.8646
44.568109 94.953 -137.4592
44.891068 94.972 -138.0423
45.216367 94.989 -138.6222
45.544023 95.005 -139.2073
45.874054 95.019 -139.8033
46.206476 95.032 -140.4116
46.541307 95.042 -141.0292
46.878565 95.052 -141.6517
47.218266 95.061 -142.2759
47.560429 95.071 -142.9023
47.905072 95.083 -143.5336
48.252212 95.095 -144.1726
48.601867 95.106 -144.8184
48.954056 95.115 -145.4649
49.308798 95.122 -146.1028
49.666109 95.128 -146.7239
50.026010 95.134 -147.3259
50.388520 95.142 -147.9142
50.753656 95.152 -148.4992
51.121437 95.165 -149.0910
51.491884 95.177 -149.6946
51.865016 95.188 -150.3076
52.240851 95.195 -150.9229
52.619410 95.199 -151.5326
53.000712 95.201 -152.1333
53.384777 95.201 -152.7263
53.771625 95.200 -153.3169
54.161276 95.198 -153.9106
54.553751 95.197 -154.5105
54.949070 95.196 -155.1162
55.347254 95.194 -155.7236
55.748323 95.193 -156.3269
56.152298 95.192 -156.9198
56.559201 95.191 -157.4985
56.969052 95.190 -158.0636
57.381873 95.189 -158.6204
57.797686 95.188 -159.1769
58.216512 95.186 -159.7398
58.638373 95.182 -160.3111
59.063291 95.176 -160.8873
59.491288 95.168 -161.4619
59.922386 95.160 -162.0299
60.356608 95.152 -162.5905
60.793977 95.144 -163.1471
61.234515 95.137 -163.7047
61.678246 95.129 -164.2666
62.125192 95.119 -164.8338
62.575377 95.107 -165.4050
63.028824 95.093 -165.9789
63.485557 95.077 -166.5543
63.945599 95.059 -167.1304
64.408975 95.039 -167.7050
64.875709 95.015 -168.2744
65.345825 94.989 -168.8344
65.819348 94.960 -169.3827
66.296302 94.930 -169.9205
66.776713 94.901 -170.4516
67.260604 94.873 -170.9798
67.748002 94.848 -171.5070
68.238932 94.824 -172.0338
68.733420 94.802 -172.5624
69.231490 94.782 -173.0982
69.733170 94.762 -173.6470
70.238485 94.741 -174.2108
70.747463 94.718 -174.7851
71.260128 94.692 -175.3600
71.776508 94.664 -175.9254
72.296630 94.635 -176.4753
72.820521 94.607 -177.0093
73.348209 94.579 -177.5315
73.879720 94.552 -178.0470
74.415083 94.523 -178.5609
74.954326 94.493 -179.0764
75.497475 94.461 -179.5950
76.044561 94.427 179.8836
76.595612 94.391 179.3603
77.150655 94.356 178.8355
77.709720 94.321 178.3099
78.272837 94.287 177.7852
78.840034 94.254 177.2648
79.411342 94.221 176.7527
79.986789 94.187 176.2495
80.566406 94.151 175.7520
81.150224 94.114 175.2544
81.738272 94.074 174.7511
82.330581 94.033 174.2410
82.927182 93.991 173.7291
83.528107 93.950 173.2249
84.133386 93.910 172.7370
84.743051 93.871 172.2686
85.357134 93.832 171.8158
85.975667 93.792 171.3694
86.598682 93.751 170.9192
87.226212 93.708 170.4581
87.858289 93.665 169.9849
88.494946 93.621 169.5051
89.136217 93.576 169.0289
89.782135 93.529 168.5662
90.432733 93.478 168.1217
91.088046 93.425 167.6927
91.748108 93.368 167.2695
92.412952 93.310 166.8415
93.082615 93.249 166.4029
93.757130 93.189 165.9554
94.436533 93.129 165.5062
95.120859 93.071 165.0630
95.810144 93.014 164.6302
96.504423 92.957 164.2080
97.203734 92.897 163.7939
97.908112 92.835 163.3845
98.617595 92.770 162.9775
99.332219 92.704 162.5728
100.052021 92.638 162.1700
100.777039 92.572 161.7666
101.507311 92.506 161.3593
102.242875 92.439 160.9508
102.983769 92.372 160.5517
103.730032 92.303 160.1744
104.481702 92.233 159.8231
105.238820 92.162 159.4900
106.001424 92.089 159.1585
106.769554 92.013 158.8127
107.543250 91.935 158.4455
108.322553 91.852 158.0599
109.107503 91.766 157.6645
109.898141 91.679 157.2663
110.694508 91.591 156.8690
111.496646 91.503 156.4756
112.304596 91.415 156.0914
113.118402 91.326 155.7240
113.938104 91.235 155.3830
114.763747 91.143 155.0743
115.595372 91.048 154.7955
116.433024 90.950 154.5399
117.276746 90.850 154.3046
118.126581 90.750 154.0930
118.982575 90.650 153.9072
119.844772 90.553 153.7419
120.713217 90.457 153.5879
121.587954 90.360 153.4415
122.469031 90.263 153.3072
123.356492 90.163 153.1910
124.250384 90.059 153.0941
125.150753 89.950 153.0146
126.057647 89.836 152.9530
126.971113 89.718 152.9161
127.891198 89.600 152.9114
128.817950 89.482 152.9373
129.751418 89.367 152.9811
130.691651 89.253 153.0280
131.638696 89.141 153.0709
132.592604 89.031 153.1169
133.553425 88.920 153.1850
134.521208 88.804 153.2949
135.496004 88.682 153.4552
136.477864 88.554 153.6615
137.466839 88.422 153.9055
138.462981 88.291 154.1836
139.466340 88.164 154.4957
140.476971 88.041 154.8415
141.494925 87.922 155.2197
142.520256 87.808 155.6284
143.553016 87.696 156.0669
144.593260 87.585 156.5369
145.641043 87.476 157.0410
146.696418 87.369 157.5799
147.759441 87.266 158.1517
148.830166 87.168 158.7509
149.908651 87.076 159.3674
150.994951 86.990 159.9897
152.089123 86.910 160.6148
153.191223 86.835 161.2537
154.301310 86.766 161.9255
155.419441 86.701 162.6454
156.545674 86.642 163.4178
157.680069 86.590 164.2341
158.822683 86.544 165.0726
159.973578 86.506 165.9050
161.132813 86.477 166.7115
162.300447 86.455 167.4904
163.476543 86.440 168.2544
164.661162 86.429 169.0181
165.854364 86.424 169.7848
167.056213 86.425 170.5446
168.266772 86.435 171.2845
169.486102 86.453 171.9957
170.714268 86.477 172.6738
171.951334 86.504 173.3141
173.197364 86.534 173.9114
174.452424 86.567 174.4671
175.716578 86.602 174.9912
176.989893 86.640 175.4987
178.272434 86.682 176.0032
179.564270 86.727 176.5120
180.865467 86.773 177.0236
182.176092 86.817 177.5312
183.496216 86.858 178.0227
184.825905 86.896 178.4819
186.165229 86.933 178.8964
187.514259 86.972 179.2656
188.873065 87.012 179.6012
190.241717 87.052 179.9220
191.620287 87.090 -179.7567
193.008847 87.127 -179.4317
194.407468 87.161 -179.1081
195.816225 87.193 -178.7937
197.235190 87.224 -178.5008
198.664438 87.256 -178.2526
200.104042 87.293 -178.0856
201.554078 87.339 -178.0265
203.014622 87.391 -178.0670
204.485750 87.448 -178.1663
205.967538 87.507 -178.2764
207.460064 87.565 -178.3634
208.963405 87.616 -178.4141
210.477640 87.659 -178.4325
212.002848 87.694 -178.4345
213.539108 87.721 -178.4391
215.086500 87.742 -178.4567
216.645105 87.757 -178.4790
218.215005 87.769 -178.4813
219.796281 87.779 -178.4453
221.389015 87.793 -178.3716
222.993292 87.811 -178.2697
224.609193 87.834 -178.1496
226.236804 87.862 -178.0201
227.876209 87.891 -177.8875
229.527494 87.921 -177.7575
231.190745 87.950 -177.6366
232.866048 87.978 -177.5344
234.553491 88.006 -177.4645
236.253163 88.034 -177.4381
237.965150 88.065 -177.4548
239.689544 88.095 -177.5036
241.426433 88.125 -177.5726
243.175909 88.152 -177.6534
244.938062 88.176 -177.7407
246.712984 88.197 -177.8308
248.500768 88.216 -177.9205
250.301507 88.232 -178.0065
252.115295 88.246 -178.0862
253.942226 88.255 -178.1598
255.782396 88.259 -178.2327
257.635901 88.261 -178.3150
259.502837 88.261 -178.4142
261.383301 88.260 -178.5300
263.277392 88.258 -178.6546
265.185209 88.254 -178.7740
267.106850 88.248 -178.8694
269.042417 88.239 -178.9214
270.992009 88.228 -178.9190
272.955729 88.214 -178.8673
274.933678 88.197 -178.7886
276.925961 88.179 -178.7097
278.932681 88.160 -178.6503
280.953942 88.141 -178.6214
282.989850 88.122 -178.6222
285.040511 88.106 -178.6386
287.106032 88.095 -178.6503
289.186521 88.088 -178.6439
291.282086 88.085 -178.6189
293.392836 88.083 -178.5839
295.518881 88.082 -178.5465
297.660333 88.079 -178.5071
299.817302 88.077 -178.4627
301.989902 88.075 -178.4130
304.178245 88.073 -178.3591
306.382446 88.070 -178.3011
308.602620 88.064 -178.2382
310.838882 88.057 -178.1696
313.091348 88.048 -178.0957
315.360137 88.039 -178.0182
317.645367 88.030 -177.9393
319.947156 88.019 -177.8585
322.265625 88.006 -177.7712
324.600895 87.993 -177.6707
326.953086 87.981 -177.5528
329.322323 87.970 -177.4176
331.708729 87.960 -177.2714
334.112427 87.952 -177.1263
336.533543 87.946 -176.9926
338.972204 87.942 -176.8717
341.428536 87.938 -176.7570
343.902668 87.936 -176.6410
346.394729 87.932 -176.5183
348.904848 87.927 -176.3847
351.433156 87.921 -176.2371
353.979786 87.916 -176.0778
356.544869 87.912 -175.9138
359.128540 87.909 -175.7523
361.730934 87.905 -175.5973
364.352185 87.900 -175.4486
366.992431 87.894 -175.3051
369.651810 87.886 -175.1675
372.330459 87.878 -175.0363
375.028519 87.873 -174.9070
377.746130 87.870 -174.7716
380.483434 87.871 -174.6240
383.240574 87.874 -174.4623
386.017693 87.879 -174.2876
388.814937 87.886 -174.1041
391.632450 87.894 -173.9173
394.470380 87.902 -173.7294
397.328875 87.910 -173.5373
400.208084 87.917 -173.3360
403.108157 87.925 -173.1242
406.029245 87.933 -172.9067
408.971500 87.944 -172.6928
411.935076 87.958 -172.4924
414.920127 87.974 -172.3127
417.926810 87.991 -172.1557
420.955280 88.007 -172.0168
424.005695 88.022 -171.8865
427.078215 88.034 -171.7531
430.173000 88.044 -171.6071
433.290211 88.053 -171.4432
436.430010 88.060 -171.2603
439.592562 88.067 -171.0593
442.778031 88.072 -170.8428
445.986583 88.076 -170.6153
449.218386 88.080 -170.3836
452.473607 88.085 -170.1543
455.752418 88.089 -169.9319
459.054987 88.095 -169.7176
462.381489 88.101 -169.5094
465.732096 88.106 -169.3046
469.106983 88.110 -169.1018
472.506325 88.116 -168.9009
475.930301 88.123 -168.7012
479.379088 88.132 -168.4999
482.852867 88.145 -168.2936
486.351817 88.162 -168.0791
489.876123 88.183 -167.8531
493.425968 88.208 -167.6123
497.001536 88.237 -167.3566
500.603014 88.270 -167.0912
504.230589 88.306 -166.8251
507.884452 88.347 -166.5677
511.564792 88.390 -166.3252
515.271802 88.437 -166.0977
519.005673 88.485 -165.8824
522.766602 88.533 -165.6788
526.554785 88.582 -165.4927
530.370418 88.631 -165.3324
534.213700 88.680 -165.2035
538.084833 88.729 -165.1071
541.984018 88.778 -165.0402
545.911457 88.828 -164.9964
549.867357 88.878 -164.9677
553.851922 88.926 -164.9447
557.865362 88.974 -164.9174
561.907884 89.018 -164.8760
565.979700 89.060 -164.8125
570.081022 89.099 -164.7225
574.212064 89.135 -164.6053
578.373042 89.169 -164.4647
582.564171 89.201 -164.3072
586.785671 89.233 -164.1446
591.037762 89.266 -163.9941
595.320665 89.300 -163.8725
599.634604 89.335 -163.7886
603.979804 89.371 -163.7405
608.356491 89.408 -163.7178
612.764893 89.445 -163.7039
617.205240 89.481 -163.6817
621.677763 89.516 -163.6393
626.182696 89.550 -163.5744
630.720274 89.583 -163.4925
635.290733 89.615 -163.4043
639.894312 89.645 -163.3206
644.531250 89.674 -163.2481
649.201789 89.702 -163.1877
653.906173 89.731 -163.1345
658.644647 89.763 -163.0825
663.417457 89.796 -163.0319
668.224854 89.831 -162.9892
673.067086 89.867 -162.9609
677.944408 89.903 -162.9481
682.857073 89.939 -162.9459
687.805336 89.978 -162.9477
692.789457 90.018 -162.9521
697.809695 90.060 -162.9653
702.866312 90.104 -162.9951
707.959571 90.149 -163.0422
713.089738 90.195 -163.0985
718.257080 90.240 -163.1510
723.461867 90.283 -163.1872
728.704370 90.323 -163.1995
733.984862 90.359 -163.1879
739.303619 90.389 -163.1604
744.660918 90.413 -163.1289
750.057038 90.434 -163.1028
755.492260 90.452 -163.0839
760.966869 90.471 -163.0671
766.481148 90.492 -163.0452
772.035387 90.519 -163.0159
777.629873 90.552 -162.9845
783.264900 90.591 -162.9602
788.940760 90.633 -162.9492
794.657750 90.675 -162.9507
800.416168 90.716 -162.9595
806.216313 90.754 -162.9680
812.058489 90.786 -162.9669
817.943000 90.811 -162.9485
823.870152 90.831 -162.9093
829.840255 90.846 -162.8511
835.853619 90.860 -162.7812
841.910559 90.874 -162.7076
848.011390 90.890 -162.6366
854.156430 90.908 -162.5727
860.346000 90.930 -162.5176
866.580422 90.955 -162.4681
872.860020 90.983 -162.4158
879.185124 91.012 -162.3495
885.556062 91.043 -162.2623
891.973166 91.073 -162.1546
898.436771 91.103 -162.0310
904.947215 91.132 -161.8960
911.504835 91.159 -161.7529
918.109975 91.185 -161.6054
924.762978 91.212 -161.4600
931.464192 91.240 -161.3237
938.213966 91.270 -161.2004
945.012651 91.303 -161.0893
951.860602 91.340 -160.9846
958.758176 91.380 -160.8766
965.705733 91.424 -160.7552
972.703635 91.471 -160.6141
979.752246 91.521 -160.4516
986.851935 91.572 -160.2727
994.003071 91.622 -160.0879
1001.206027 91.671 -159.9085
1008.461179 91.717 -159.7395
1015.768904 91.762 -159.5761
1023.129584 91.807 -159.4081
1030.543603 91.855 -159.2312
1038.011347 91.904 -159.0542
1045.533205 91.956 -158.8934
1053.109569 92.009 -158.7594
1060.740836 92.063 -158.6509
1068.427401 92.118 -158.5589
1076.169666 92.176 -158.4710
1083.968035 92.237 -158.3735
1091.822915 92.300 -158.2579
1099.734713 92.363 -158.1266
1107.703844 92.425 -157.9920
1115.730723 92.486 -157.8700
1123.815768 92.548 -157.7704
1131.959400 92.611 -157.6924
1140.162045 92.678 -157.6288
1148.424129 92.749 -157.5715
1156.746083 92.825 -157.5176
1165.128342 92.903 -157.4723
1173.571343 92.984 -157.4478
1182.075524 93.065 -157.4527
1190.641331 93.145 -157.4843
1199.269209 93.222 -157.5282
1207.959608 93.297 -157.5679
1216.712981 93.370 -157.5966
1225.529785 93.442 -157.6214
1234.410479 93.514 -157.6569
1243.355526 93.589 -157.7146
1252.365393 93.668 -157.7973
1261.440549 93.750 -157.9005
1270.581467 93.836 -158.0167
1279.788624 93.925 -158.1401
1289.062500 94.014 -158.2695
1298.403578 94.105 -158.4079
1307.812346 94.198 -158.5588
1317.289293 94.293 -158.7261
1326.834914 94.391 -158.9118
1336.449707 94.493 -159.1127
1346.134173 94.598 -159.3247
1355.888816 94.705 -159.5491
1365.714145 94.814 -159.7923
1375.610673 94.923 -160.0603
1385.578915 95.033 -160.3538
1395.619391 95.143 -160.6670
1405.732624 95.252 -160.9924
1415.919142 95.361 -161.3247
1426.179476 95.468 -161.6616
1436.514160 95.573 -162.0014
1446.923734 95.675 -162.3441
1457.408740 95.773 -162.6939
1467.969724 95.867 -163.0581
1478.607238 95.956 -163.4420
1489.321836 96.041 -163.8458
1500.114076 96.120 -164.2637
1510.984521 96.196 -164.6862
1521.933737 96.268 -165.1045
1532.962297 96.337 -165.5177
1544.070773 96.403 -165.9314
1555.259747 96.465 -166.3523
1566.529800 96.528 -166.7848
1577.881521 96.592 -167.2284
1589.315501 96.661 -167.6816
1600.832336 96.734 -168.1463
1612.432627 96.812 -168.6290
1624.116978 96.891 -169.1360
1635.886000 96.970 -169.6674
1647.740304 97.046 -170.2149
1659.680509 97.119 -170.7638
1671.707238 97.190 -171.2992
1683.821118 97.262 -171.8117
1696.022780 97.334 -172.3006
1708.312860 97.405 -172.7727
1720.692000 97.474 -173.2383
1733.160843 97.540 -173.7079
1745.720041 97.603 -174.1901
1758.370248 97.661 -174.6933
1771.112124 97.716 -175.2223
1783.946332 97.767 -175.7706
1796.873543 97.816 -176.3222
1809.894429 97.862 -176.8606
1823.009670 97.908 -177.3792
1836.219950 97.956 -177.8862
1849.525956 98.007 -178.4013
1862.928384 98.061 -178.9402
1876.427931 98.117 -179.5050
1890.025301 98.174 179.9129
1903.721204 98.232 179.3262
1917.516352 98.290 178.7446
1931.411466 98.345 178.1676
1945.407270 98.397 177.5861
1959.504493 98.446 176.9913
1973.703870 98.493 176.3835
1988.006142 98.540 175.7714
2002.412054 98.589 175.1649
2016.922357 98.641 174.5678
2031.537808 98.695 173.9749
2046.259169 98.752 173.3754
2061.087206 98.809 172.7606
2076.022694 98.867 172.1268
2091.066410 98.926 171.4742
2106.219139 98.985 170.8061
2121.481671 99.043 170.1282
2136.854802 99.100 169.4471
2152.339333 99.154 168.7681
2167.936071 99.207 168.0912
2183.645829 99.259 167.4087
2199.469427 99.311 166.7078
2215.407689 99.362 165.9789
2231.461446 99.410 165.2215
2247.631536 99.454 164.4438
2263.918800 99.495 163.6584
2280.324089 99.531 162.8743
2296.848258 99.563 162.0906
2313.492167 99.595 161.2965
2330.256685 99.625 160.4783
2347.142685 99.656 159.6274
2364.151049 99.687 158.7443
2381.282662 99.719 157.8369
2398.538418 99.751 156.9155
2415.919216 99.786 155.9850
2433.425962 99.821 155.0440
2451.059570 99.855 154.0894
2468.820958 99.888 153.1203
2486.711052 99.917 152.1398
2504.730786 99.940 151.1524
2522.881098 99.957 150.1595
2541.162934 99.967 149.1566
2559.577248 99.972 148.1378
2578.125000 99.973 147.0995
2596.807157 99.967 146.0409
2615.624692 99.956 144.9646
2634.578586 99.937 143.8772
2653.669829 99.910 142.7875
2672.899414 99.877 141.7031
2692.268345 99.837 140.6270
2711.777632 99.792 139.5557
2731.428290 99.745 138.4823
2751.221345 99.695 137.4047
2771.157829 99.644 136.3307
2791.238781 99.591 135.2751
2811.465248 99.532 134.2498
2831.838284 99.464 133.2574
2852.358952 99.387 132.2957
2873.028321 99.299 131.3619
2893.847468 99.203 130.4533
2914.817480 99.102 129.5663
2935.939449 98.997 128.6985
2957.214476 98.891 127.8512
2978.643672 98.785 127.0306
3000.228152 98.677 126.2444
3021.969041 98.567 125.4963
3043.867475 98.456 124.7868
3065.924593 98.341 124.1129
3088.141547 98.224 123.4674
3110.519493 98.104 122.8452
3133.059600 97.982 122.2486
3155.763041 97.859 121.6866
3178.631001 97.735 121.1682
3201.664672 97.611 120.6977
3224.865254 97.489 120.2731
3248.233957 97.370 119.8878
3271.771999 97.254 119.5351
3295.480608 97.139 119.2105
3319.361019 97.023 118.9108
3343.414477 96.907 118.6301
3367.642236 96.790 118.3584
3392.045560 96.672 118.0891
3416.625721 96.555 117.8311
3441.383999 96.438 117.6083
3466.321686 96.327 117.4452
3491.440082 96.224 117.3503
3516.740496 96.133 117.3085
3542.224247 96.054 117.2890
3567.892664 95.981 117.2642
3593.747085 95.908 117.2193
3619.788858 95.827 117.1533
3646.019340 95.738 117.0726
3672.439900 95.641 116.9847
3699.051913 95.538 116.8948
3725.856768 95.430 116.8080
3752.855862 95.320 116.7310
3780.050603 95.208 116.6666
3807.442408 95.097 116.6112
3835.032705 94.990 116.5597
3862.822933 94.887 116.5073
3890.814540 94.788 116.4493
3919.008986 94.692 116.3837
3947.407741 94.593 116.3129
3976.012284 94.488 116.2414
4004.824108 94.372 116.1745
4033.844715 94.246 116.1199
4063.075616 94.111 116.0892
4092.518337 93.969 116.0979
4122.174412 93.822 116.1602
4152.045387 93.675 116.2837
4182.132820 93.531 116.4652
4212.438278 93.391 116.6891
4242.963342 93.253 116.9314
4273.709604 93.113 117.1726
4304.678665 92.962 117.4044
4335.872141 92.799 117.6260
4367.291658 92.622 117.8429
4398.938854 92.435 118.0689
4430.815378 92.240 118.3239
4462.922893 92.042 118.6256
4495.263072 91.844 118.9840
4527.837601 91.650 119.4034
4560.648179 91.460 119.8880
4593.696515 91.276 120.4420
4626.984334 91.096 121.0702
4660.513370 90.917 121.7812
4694.285371 90.736 122.5864
4728.302098 90.552 123.4918
4762.565324 90.367 124.4928
4797.076835 90.183 125.5776
4831.838432 90.002 126.7366
4866.851925 89.823 127.9689
4902.119140 89.648 129.2777
4937.641916 89.481 130.6628
4973.422105 89.329 132.1165
5009.461572 89.200 133.6271
5045.762195 89.100 135.1812
5082.325868 89.031 136.7628
5119.154496 88.986 138.3576
5156.250000 88.960 139.9579
5193.614313 88.944 141.5558
5231.249383 88.935 143.1354
5269.157173 88.934 144.6734
5307.339658 88.942 146.1403
5345.798829 88.960 147.5071
5384.536691 88.988 148.7559
5423.555263 89.021 149.8856
5462.856580 89.053 150.9119
5502.442691 89.079 151.8610
5542.315659 89.097 152.7645
5582.477563 89.107 153.6537
5622.930497 89.110 154.5566
5663.676569 89.109 155.5033
5704.717904 89.108 156.5242
5746.056642 89.114 157.6350
5787.694937 89.133 158.8265
5829.634960 89.170 160.0687
5871.878898 89.228 161.3206
5914.428953 89.307 162.5381
5957.287343 89.404 163.6803
6000.456303 89.512 164.7168
6043.938083 89.622 165.6334
6087.734950 89.726 166.4355
6131.849187 89.816 167.1453
6176.283094 89.889 167.7957
6221.038987 89.941 168.4247
6266.119200 89.973 169.0672
6311.526083 89.988 169.7481
6357.262002 89.991 170.4815
6403.329344 89.987 171.2729
6449.730508 89.981 172.1235
6496.467914 89.978 173.0331
6543.543998 89.982 174.0030
6590.961215 89.997 175.0362
6638.722037 90.022 176.1350
6686.828954 90.057 177.2972
6735.284473 90.104 178.5102
6784.091120 90.165 179.7527
6833.251441 90.243 -178.9961
6882.767998 90.340 -177.7455
6932.643372 90.453 -176.4936
6982.880164 90.579 -175.2407
7033.480992 90.716 -173.9973
7084.448495 90.863 -172.7768
7135.785329 91.023 -171.5921
7187.494171 91.201 -170.4579
7239.577717 91.402 -169.3933
7292.038681 91.628 -168.4225
7344.879799 91.883 -167.5782
7398.103826 92.170 -166.9035
7451.713536 92.489 -166.4450
7505.711724 92.839 -166.2465
7560.101205 93.216 -166.3509
7614.884815 93.609 -166.8046
7670.065409 94.006 -167.6509
7725.645865 94.391 -168.9253
7781.629080 94.750 -170.6477
7838.017972 95.069 -172.8129
7894.815481 95.334 -175.3898
7952.024569 95.531 -178.3254
8009.648217 95.651 178.4576
8067.689429 95.686 175.0590
8126.151233 95.629 171.5925
8185.036674 95.481 168.1757
8244.348824 95.242 164.9205
8304.090774 94.919 161.9278
8364.265639 94.522 159.2837
8424.876556 94.065 157.0548
8485.926684 93.566 155.2853
8547.419207 93.044 153.9974
8609.357330 92.514 153.1923
8671.744282 91.988 152.8499
8734.583316 91.472 152.9371
8797.877707 90.968 153.4192
8861.630756 90.479 154.2629
8925.845785 90.003 155.4341
8990.526143 89.544 156.8948
9055.675202 89.102 158.6025
9121.296357 88.680 160.5169
9187.393031 88.279 162.6074
9253.968668 87.903 164.8541
9321.026740 87.553 167.2406
9388.570742 87.234 169.7457
9456.604196 86.950 172.3428
9525.130648 86.701 175.0082
9594.153671 86.483 177.7264
9663.676863 86.289 -179.5072
9733.703850 86.110 -176.6877
9804.238280 85.942 -173.8023
9875.283832 85.785 -170.8358
9946.844210 85.641 -167.7852
10018.923143 85.516 -164.6692
10091.524390 85.416 -161.5085
10164.651736 85.345 -158.3101
10238.308993 85.307 -155.0838
10312.500000 85.302 -151.8510
10387.228626 85.329 -148.6346
10462.498767 85.387 -145.4536
10538.314345 85.475 -142.3195
10614.679315 85.593 -139.2318
10691.597657 85.743 -136.1840
10769.073381 85.929 -133.1701
10847.110526 86.151 -130.1907
10925.713161 86.411 -127.2571
11004.885382 86.708 -124.3850
11084.631318 87.043 -121.5889
11164.955126 87.416 -118.8805
11245.860993 87.828 -116.2740
11327.353138 88.284 -113.7967
11409.435808 88.790 -111.4977
11492.113283 89.356 -109.4458
11575.389873 89.985 -107.7231
11659.269920 90.678 -106.4258
11743.757796 91.425 -105.6640
11828.857906 92.212 -105.5531
11914.574686 93.015 -106.2013
12000.912606 93.809 -107.7023
12087.876166 94.568 -110.1203
12175.469900 95.264 -113.4663
12263.698373 95.871 -117.6970
12352.566187 96.358 -122.7278
12442.077974 96.697 -128.4133
12532.238400 96.864 -134.5303
12623.052165 96.849 -140.7896
12714.524005 96.654 -146.8553
12806.658687 96.290 -152.4205
12899.461015 95.778 -157.2726
12992.935827 95.148 -161.2884
13087.087996 94.437 -164.4143
13181.922430 93.683 -166.6524
13277.444074 92.923 -168.0528
13373.657907 92.190 -168.6887
13470.568945 91.512 -168.6528
13568.182241 90.908 -168.0629
13666.502883 90.385 -167.0498
13765.535996 89.946 -165.7621
13865.286744 89.587 -164.3845
13965.760328 89.306 -163.0992
14066.961984 89.098 -162.0092
14168.896989 88.961 -161.1257
14271.570658 88.889 -160.4219
14374.988342 88.876 -159.8926
14479.155433 88.917 -159.5747
14584.077362 89.001 -159.5306
14689.759598 89.116 -159.8294
14796.207652 89.252 -160.5324
14903.427072 89.397 -161.6900
15011.423448 89.537 -163.3381
15120.202410 89.656 -165.4995
15229.769630 89.738 -168.1841
15340.130819 89.774 -171.3714
15451.291730 89.760 -174.9975
15563.258160 89.692 -178.9670
15676.035944 89.570 176.8420
15789.630962 89.395 172.5726
15904.049137 89.168 168.3495
16019.296433 88.893 164.2477
16135.378859 88.580 160.2971
16252.302465 88.240 156.4974
16370.073348 87.887 152.8423
16488.697648 87.538 149.3334
16608.181548 87.206 145.9744
16728.531278 86.902 142.7354
16849.753112 86.634 139.5353
16971.853368 86.419 136.2675
17094.838414 86.275 132.8223
17218.714660 86.225 129.0666
17343.488565 86.285 124.8051
17469.166632 86.441 119.7948
17595.755415 86.645 113.8242
17723.261512 86.818 106.7898
17851.691571 86.878 98.7280
17981.052287 86.757 89.8183
18111.350404 86.411 80.3538
18242.592715 85.828 70.6894
18374.786062 85.013 61.1861
18507.937336 83.991 52.1443
18642.053479 82.798 43.7472
18777.141484 81.481 36.0390
18913.208391 80.097 28.9462
19050.261296 78.705 22.3206
19188.307342 77.356 15.9918
19327.353727 76.082 9.8148
19467.407699 74.903 3.7072
19608.476560 73.840 -2.2878
19750.567664 72.935 -7.8867
19893.688419 72.259 -12.4673
20037.846286 71.894 -15.1282
